(pytorch) 192-168-1-105:federated up$ python check.py un69 epoch 100
0 0.0
1 96.65198237885463
2 67.24806201550388
3 86.63366336633663
4 90.42769857433808
5 76.45739910313901
6 97.39039665970772
7 92.31517509727627
8 84.29158110882958
9 83.54806739345887
* 77.82
77.82
(pytorch) 192-168-1-105:federated up$ python check.py n83
0 98.6734693877551
1 99.20704845814979
2 75.96899224806202
3 79.20792079207921
4 92.36252545824847
5 82.73542600896862
6 88.62212943632568
7 94.45525291828794
8 74.02464065708419
9 33.99405351833499
* 82.06
82.06